806694
673288
596427
149393
619521
38215
458898
735876
832054
397998
447149
654958
902964
739077
886344
877520
583995
467969
431997
507647
855037
822755
213948
428413
336996
261335
91198
827207
482981
508456
5114
37167
276768
662662
440526
661550
105879
488933
353543
188438
163031
40029
533347
342553
78796
531254
450596
454580
872965
208212
554524
596095
720968
997626
512878
634238
214242
940905
889347
1152
887164
797689
259784
885446
476946
109246
121845
176027
350122
75506
672755
25945
723175
765650
294290
181104
352332
153253
74269
43909
225753
853691
895702
418006
460293
653241
516164
958604
980509
668017
266211
957982
409158
950150
444919
941134
183907
489518
43379
514488
